  0.5924728897028502E-03
  0.1379141456535775E-02
  0.2166920573815510E-02
  0.2954715495532006E-02
  0.3742414317000677E-02
  0.4529971774177387E-02
  0.5317353065268266E-02
  0.6104525885345723E-02
  0.6891458704251606E-02
  0.7678120282675264E-02
  0.8464479509566657E-02
  0.9250505340002536E-02
  0.1003616676925888E-01
  0.1082143282135728E-01
  0.1160627254387185E-01
  0.1239065500602052E-01
  0.1317454929785761E-01
  0.1395792453048963E-01
  0.1474074983661177E-01
  0.1552299437143658E-01
  0.1630462731358470E-01
  0.1708561786606561E-01
  0.1786593525751796E-01
  0.1864554874328805E-01
  0.1942442760654760E-01
  0.2020254115965249E-01
  0.2097985874491327E-01
  0.2175634973639700E-01
  0.2253198354054459E-01
  0.2330672959760568E-01
  0.2408055738299150E-01
  0.2485343640815692E-01
  0.2562533622211042E-01
  0.2639622641219736E-01
  0.2716607660588832E-01
  0.2793485647138392E-01
  0.2870253571912222E-01
  0.2946908410298002E-01
  0.3023447142134490E-01
  0.3099866751826680E-01
  0.3176164228497583E-01
  0.3252336566056973E-01
  0.3328380763349745E-01
  0.3404293824292152E-01
  0.3480072757933525E-01
  0.3555714578629985E-01
  0.3631216306140446E-01
  0.3706574965731893E-01
  0.3781787588315239E-01
  0.3856851210552872E-01
  0.3931762874978577E-01
  0.4006519630120279E-01
  0.4081118530589679E-01
  0.4155556637248332E-01
  0.4229831017257066E-01
  0.4303938744257687E-01
  0.4377876898441457E-01
  0.4451642566688302E-01
  0.4525232842671815E-01
  0.4598644826970086E-01
  0.4671875627194948E-01
  0.4744922358096090E-01
  0.4817782141665154E-01
  0.4890452107272208E-01
  0.4962929391760933E-01
  0.5035211139566141E-01
  0.5107294502815432E-01
  0.5179176641480106E-01
  0.5250854723435795E-01
  0.5322325924603134E-01
  0.5393587429060216E-01
  0.5464636429143013E-01
  0.5535470125556056E-01
  0.5606085727496927E-01
  0.5676480452742001E-01
  0.5746651527783569E-01
  0.5816596187917334E-01
  0.5886311677360341E-01
  0.5955795249366636E-01
  0.6025044166318740E-01
  0.6094055699846430E-01
  0.6162827130929405E-01
  0.6231355750019553E-01
  0.6299638857121825E-01
  0.6367673761921597E-01
  0.6435457783874882E-01
  0.6502988252336053E-01
  0.6570262506640569E-01
  0.6637277896217825E-01
  0.6704031780700169E-01
  0.6770521530017155E-01
  0.6836744524511858E-01
  0.6902698155036051E-01
  0.6968379823048211E-01
  0.7033786940734281E-01
  0.7098916931089681E-01
  0.7163767228016620E-01
  0.7228335276461553E-01
  0.7292618532477568E-01
  0.7356614463330213E-01
  0.7420320547624866E-01
  0.7483734275374232E-01
  0.7546853148110406E-01
  0.7609674678988498E-01
  0.7672196392865252E-01
  0.7734415826432842E-01
  0.7796330528273709E-01
  0.7857938058978295E-01
  0.7919235991251077E-01
  0.7980221909980201E-01
  0.8040893412361447E-01
  0.8101248107966247E-01
  0.8161283618852476E-01
  0.8220997579655662E-01
  0.8280387637681878E-01
  0.8339451452986998E-01
  0.8398186698497745E-01
  0.8456591060074028E-01
  0.8514662236616574E-01
  0.8572397940150230E-01
  0.8629795895924457E-01
  0.8686853842490933E-01
  0.8743569531792858E-01
  0.8799940729269182E-01
  0.8855965213922894E-01
  0.8911640778422406E-01
  0.8966965229177884E-01
  0.9021936386441304E-01
  0.9076552084372935E-01
  0.9130810171144232E-01
  0.9184708509025305E-01
  0.9238244974443119E-01
  0.9291417458093933E-01
  0.9344223865010755E-01
  0.9396662114645425E-01
  0.9448730140968759E-01
  0.9500425892523248E-01
  0.9551747332523368E-01
  0.9602692438939536E-01
  0.9653259204551237E-01
  0.9703445637069151E-01
  0.9753249759167237E-01
  0.9802669608587972E-01
  0.9851703238226726E-01
  0.9900348716177076E-01
  0.9948604125835642E-01
  0.9996467565964601E-01
  0.1004393715077845    
  0.1009101100999369    
  0.1013768728892760    
  0.1018396414855089    
  0.1022983976561689    
  0.1027531233259611    
  0.1032038005794533    
  0.1036504116599216    
  0.1040929389711852    
  0.1045313650779760    
  0.1049656727065086    
  0.1053958447452830    
  0.1058218642457693    
  0.1062437144230918    
  0.1066613786564618    
  0.1070748404902152    
  0.1074840836342566    
  0.1078890919644815    
  0.1082898495238740    
  0.1086863405227953    
  0.1090785493396969    
  0.1094664605218019    
  0.1098500587855930    
  0.1102293290175022    
  0.1106042562745492    
  0.1109748257847654    
  0.1113410229478517    
  0.1117028333359749    
  0.1120602426938801    
  0.1124132369399805    
  0.1127618021663388    
  0.1131059246396991    
  0.1134455908019834    
  0.1137807872703615    
  0.1141115008383421    
  0.1144377184760032    
  0.1147594273305065    
  0.1150766147267270    
  0.1153892681676678    
  0.1156973753349641    
  0.1160009240893133    
  0.1162999024710945    
  0.1165942987007212    
  0.1168841011791527    
  0.1171692984883044    
  0.1174498793915885    
  0.1177258328342488    
  0.1179971479439068    
  0.1182638140308435    
  0.1185258205885941    
  0.1187831572942530    
  0.1190358140088604    
  0.1192837807779141    
  0.1195270478316673    
  0.1197656055854707    
  0.1199994446403781    
  0.1202285557831310    
  0.1204529299870088    
  0.1206725584117166    
  0.1208874324040588    
  0.1210975434980651    
  0.1213028834154650    
  0.1215034440660515    
  0.1216992175478060    
  0.1218901961473753    
  0.1220763723402631    
  0.1222577387912534    
  0.1224342883546413    
  0.1226060140744505    
  0.1227729091847565    
  0.1229349671100234    
  0.1230921814652117    
  0.1232445460562012    
  0.1233920548799181    
  0.1235347021245611    
  0.1236724821699251    
  0.1238053895875592    
  0.1239334191409567    
  0.1240565657858439    
  0.1241748246703275    
  0.1242881911350627    
  0.1243966607134287    
  0.1245002291318531    
  0.1245988923097389    
  0.1246926463598408    
  0.1247814875883034    
  0.1248654124948279    
  0.1249444177727945    
  0.1250185003094987    
  0.1250876571860713    
  0.1251518856777687    
  0.1252111832540747    
  0.1252655475786307    
  0.1253149765095509    
  0.1253594680993805    
  0.1253990205951509    
  0.1254336324385053    
  0.1254633022658092    
  0.1254880289079882    
  0.1255078113909316    
  0.1255226489351718    
  0.1255325409560889    
  0.1255374870639938    
  0.1255374870639960    
  0.1255325409561069    
  0.1255226489351574    
  0.1255078113909488    
  0.1254880289079930    
  0.1254633022657899    
  0.1254336324384946    
  0.1253990205951316    
  0.1253594680993826    
  0.1253149765095640    
  0.1252655475786332    
  0.1252111832540583    
  0.1251518856777728    
  0.1250876571860414    
  0.1250185003094949    
  0.1249444177728188    
  0.1248654124948310    
  0.1247814875882996    
  0.1246926463598360    
  0.1245988923097421    
  0.1245002291318420    
  0.1243966607134191    
  0.1242881911350479    
  0.1241748246703301    
  0.1240565657858480    
  0.1239334191409668    
  0.1238053895875658    
  0.1236724821699312    
  0.1235347021245686    
  0.1233920548799107    
  0.1232445460562237    
  0.1230921814652194    
  0.1229349671100256    
  0.1227729091847565    
  0.1226060140744487    
  0.1224342883546485    
  0.1222577387912703    
  0.1220763723402714    
  0.1218901961473448    
  0.1216992175478032    
  0.1215034440660478    
  0.1213028834154754    
  0.1210975434980383    
  0.1208874324040353    
  0.1206725584117260    
  0.1204529299870153    
  0.1202285557831614    
  0.1199994446403387    
  0.1197656055854669    
  0.1195270478316304    
  0.1192837807778988    
  0.1190358140088748    
  0.1187831572942420    
  0.1185258205885941    
  0.1182638140308378    
  0.1179971479438761    
  0.1177258328342434    
  0.1174498793915916    
  0.1171692984883140    
  0.1168841011791495    
  0.1165942987006924    
  0.1162999024711076    
  0.1160009240893217    
  0.1156973753349637    
  0.1153892681676855    
  0.1150766147267501    
  0.1147594273304971    
  0.1144377184760036    
  0.1141115008383292    
  0.1137807872703762    
  0.1134455908019790    
  0.1131059246397506    
  0.1127618021663296    
  0.1124132369399410    
  0.1120602426939153    
  0.1117028333359459    
  0.1113410229478933    
  0.1109748257847424    
  0.1106042562745475    
  0.1102293290175110    
  0.1098500587855918    
  0.1094664605217794    
  0.1090785493397142    
  0.1086863405227943    
  0.1082898495238864    
  0.1078890919644854    
  0.1074840836342518    
  0.1070748404902208    
  0.1066613786564907    
  0.1062437144230945    
  0.1058218642457720    
  0.1053958447452554    
  0.1049656727065152    
  0.1045313650780173    
  0.1040929389712120    
  0.1036504116599145    
  0.1032038005794290    
  0.1027531233260239    
  0.1022983976560991    
  0.1018396414855967    
  0.1013768728892339    
  0.1009101100999037    
  0.1004393715077539    
  0.9996467565966335E-01
  0.9948604125834137E-01
  0.9900348716177282E-01
  0.9851703238229548E-01
  0.9802669608591581E-01
  0.9753249759165605E-01
  0.9703445637068071E-01
  0.9653259204550153E-01
  0.9602692438939796E-01
  0.9551747332524355E-01
  0.9500425892522839E-01
  0.9448730140966465E-01
  0.9396662114646985E-01
  0.9344223865009102E-01
  0.9291417458093058E-01
  0.9238244974442313E-01
  0.9184708509022908E-01
  0.9130810171146329E-01
  0.9076552084369618E-01
  0.9021936386441222E-01
  0.8966965229175464E-01
  0.8911640778421920E-01
  0.8855965213925023E-01
  0.8799940729269348E-01
  0.8743569531793235E-01
  0.8686853842486886E-01
  0.8629795895925702E-01
  0.8572397940151041E-01
  0.8514662236614047E-01
  0.8456591060072158E-01
  0.8398186698502502E-01
  0.8339451452986325E-01
  0.8280387637683692E-01
  0.8220997579657079E-01
  0.8161283618853030E-01
  0.8101248107965996E-01
  0.8040893412361493E-01
  0.7980221909983048E-01
  0.7919235991251147E-01
  0.7857938058977906E-01
  0.7796330528274556E-01
  0.7734415826433144E-01
  0.7672196392866949E-01
  0.7609674678988507E-01
  0.7546853148108643E-01
  0.7483734275373953E-01
  0.7420320547625475E-01
  0.7356614463333655E-01
  0.7292618532474431E-01
  0.7228335276460801E-01
  0.7163767228018084E-01
  0.7098916931084635E-01
  0.7033786940739509E-01
  0.6968379823049929E-01
  0.6902698155035747E-01
  0.6836744524511786E-01
  0.6770521530012708E-01
  0.6704031780697622E-01
  0.6637277896218817E-01
  0.6570262506639973E-01
  0.6502988252336153E-01
  0.6435457783875874E-01
  0.6367673761921028E-01
  0.6299638857120163E-01
  0.6231355750018647E-01
  0.6162827130930743E-01
  0.6094055699843208E-01
  0.6025044166316337E-01
  0.5955795249367977E-01
  0.5886311677362262E-01
  0.5816596187913901E-01
  0.5746651527783441E-01
  0.5676480452743333E-01
  0.5606085727495121E-01
  0.5535470125554377E-01
  0.5464636429146166E-01
  0.5393587429058566E-01
  0.5322325924603830E-01
  0.5250854723436462E-01
  0.5179176641480186E-01
  0.5107294502818379E-01
  0.5035211139564311E-01
  0.4962929391760366E-01
  0.4890452107274144E-01
  0.4817782141665299E-01
  0.4744922358093764E-01
  0.4671875627196491E-01
  0.4598644826970846E-01
  0.4525232842670272E-01
  0.4451642566690144E-01
  0.4377876898443701E-01
  0.4303938744255813E-01
  0.4229831017258000E-01
  0.4155556637246394E-01
  0.4081118530593460E-01
  0.4006519630116740E-01
  0.3931762874980968E-01
  0.3856851210556881E-01
  0.3781787588313737E-01
  0.3706574965729793E-01
  0.3631216306140654E-01
  0.3555714578631094E-01
  0.3480072757932878E-01
  0.3404293824288858E-01
  0.3328380763352894E-01
  0.3252336566054630E-01
  0.3176164228494995E-01
  0.3099866751831014E-01
  0.3023447142134534E-01
  0.2946908410296965E-01
  0.2870253571911928E-01
  0.2793485647138284E-01
  0.2716607660589381E-01
  0.2639622641222283E-01
  0.2562533622206492E-01
  0.2485343640820108E-01
  0.2408055738300812E-01
  0.2330672959761033E-01
  0.2253198354052119E-01
  0.2175634973640043E-01
  0.2097985874492923E-01
  0.2020254115963733E-01
  0.1942442760656093E-01
  0.1864554874327965E-01
  0.1786593525751313E-01
  0.1708561786605263E-01
  0.1630462731358229E-01
  0.1552299437145136E-01
  0.1474074983660374E-01
  0.1395792453047786E-01
  0.1317454929786662E-01
  0.1239065500602521E-01
  0.1160627254387635E-01
  0.1082143282133997E-01
  0.1003616676927270E-01
  0.9250505340009115E-02
  0.8464479509572423E-02
  0.7678120282680526E-02
  0.6891458704221951E-02
  0.6104525885336116E-02
  0.5317353065283746E-02
  0.4529971774188204E-02
  0.3742414317030375E-02
  0.2954715495513695E-02
  0.2166920573800983E-02
  0.1379141456536215E-02
  0.5924728897042256E-03
