  -19.99976913504426    
  -19.99878359629075    
  -19.99701057718402    
  -19.99444975375892    
  -19.99110117867091    
  -19.98696497233175    
  -19.98204129386713    
  -19.97633033569898    
  -19.96983232209974    
  -19.96254750870529    
  -19.95447618231892    
  -19.94561866081873    
  -19.93597529310627    
  -19.92554645907283    
  -19.91433256957366    
  -19.90233406640544    
  -19.88955142228527    
  -19.87598514082969    
  -19.86163575653339    
  -19.84650383474716    
  -19.83058997165500    
  -19.81389479425017    
  -19.79641896031019    
  -19.77816315837068    
  -19.75912810769811    
  -19.73931455826128    
  -19.71872329070178    
  -19.69735511630305    
  -19.67521087695846    
  -19.65229144513808    
  -19.62859772385423    
  -19.60413064662593    
  -19.57889117744208    
  -19.55288031072347    
  -19.52609907128358    
  -19.49854851428822    
  -19.47022972521389    
  -19.44114381980509    
  -19.41129194403027    
  -19.38067527403675    
  -19.34929501610431    
  -19.31715240659771    
  -19.28424871191798    
  -19.25058522845245    
  -19.21616328252374    
  -19.18098423033753    
  -19.14504945792902    
  -19.10836038110840    
  -19.07091844540505    
  -19.03272512601058    
  -18.99378192772069    
  -18.95409038487595    
  -18.91365206130123    
  -18.87246855024420    
  -18.83054147431251    
  -18.78787248540982    
  -18.74446326467081    
  -18.70031552239487    
  -18.65543099797868    
  -18.60981145984785    
  -18.56345870538700    
  -18.51637456086917    
  -18.46856088138367    
  -18.42001955076321    
  -18.37075248150944    
  -18.32076161471779    
  -18.27004892000089    
  -18.21861639541096    
  -18.16646606736119    
  -18.11359999054579    
  -18.06002024785908    
  -18.00572895031342    
  -17.95072823695607    
  -17.89502027478483    
  -17.83860725866276    
  -17.78149141123165    
  -17.72367498282445    
  -17.66516025137662    
  -17.60594952233637    
  -17.54604512857382    
  -17.48544943028912    
  -17.42416481491945    
  -17.36219369704490    
  -17.29953851829341    
  -17.23620174724456    
  -17.17218587933227    
  -17.10749343674648    
  -17.04212696833384    
  -16.97608904949721    
  -16.90938228209427    
  -16.84200929433494    
  -16.77397274067785    
  -16.70527530172580    
  -16.63591968412004    
  -16.56590862043376    
  -16.49524486906432    
  -16.42393121412463    
  -16.35197046533347    
  -16.27936545790473    
  -16.20611905243575    
  -16.13223413479459    
  -16.05771361600634    
  -15.98256043213843    
  -15.90677754418495    
  -15.83036793795000    
  -15.75333462392999    
  -15.67568063719509    
  -15.59740903726965    
  -15.51852290801165    
  -15.43902535749116    
  -15.35891951786792    
  -15.27820854526789    
  -15.19689561965906    
  -15.11498394472587    
  -15.03247674774326    
  -14.94937727944940    
  -14.86568881391761    
  -14.78141464842734    
  -14.69655810333436    
  -14.61112252193986    
  -14.52511127035869    
  -14.43852773738688    
  -14.35137533436795    
  -14.26365749505862    
  -14.17537767549348    
  -14.08653935384885    
  -13.99714603030571    
  -13.90720122691181    
  -13.81670848744290    
  -13.72567137726313    
  -13.63409348318455    
  -13.54197841332576    
  -13.44932979696983    
  -13.35615128442126    
  -13.26244654686217    
  -13.16821927620766    
  -13.07347318496031    
  -12.97821200606402    
  -12.88243949275677    
  -12.78615941842292    
  -12.68937557644439    
  -12.59209178005128    
  -12.49431186217166    
  -12.39603967528046    
  -12.29727909124778    
  -12.19803400118627    
  -12.09830831529789    
  -11.99810596271974    
  -11.89743089136938    
  -11.79628706778923    
  -11.69467847699029    
  -11.59260912229511    
  -11.49008302518009    
  -11.38710422511700    
  -11.28367677941396    
  -11.17980476305539    
  -11.07549226854154    
  -10.97074340572731    
  -10.86556230166025    
  -10.75995310041799    
  -10.65391996294491    
  -10.54746706688831    
  -10.44059860643371    
  -10.33331879213960    
  -10.22563185077167    
  -10.11754202513611    
  -10.00905357391263    
  -9.900170771486408    
  -9.790897907779993    
  -9.681239288084134    
  -9.571199232888008    
  -9.460782077709286    
  -9.349992172923136    
  -9.238833883590758    
  -9.127311589287647    
  -9.015429683930812    
  -8.903192575605718    
  -8.790604686392715    
  -8.677670452192661    
  -8.564394322552241    
  -8.450780760488639    
  -8.336834242313646    
  -8.222559257457361    
  -8.107960308291327    
  -7.993041909951088    
  -7.877808590158280    
  -7.762264889042280    
  -7.646415358961336    
  -7.530264564323179    
  -7.413817081405210    
  -7.297077498174146    
  -7.180050414105352    
  -7.062740440001512    
  -6.945152197811063    
  -6.827290320446048    
  -6.709159451599545    
  -6.590764245562806    
  -6.472109367041777    
  -6.353199490973379    
  -6.234039302341291    
  -6.114633495991363    
  -5.994986776446672    
  -5.875103857722118    
  -5.754989463138708    
  -5.634648325137515    
  -5.514085185093133    
  -5.393304793126936    
  -5.272311907919897    
  -5.151111296525119    
  -5.029707734179986    
  -4.908106004118061    
  -4.786310897380551    
  -4.664327212627669    
  -4.542159755949442    
  -4.419813340676455    
  -4.297292787190131    
  -4.174602922732851    
  -4.051748581217749    
  -3.928734603038289    
  -3.805565834877498    
  -3.682247129517075    
  -3.558783345646151    
  -3.435179347669848    
  -3.311440005517681    
  -3.187570194451619    
  -3.063574794874059    
  -2.939458692135519    
  -2.815226776342131    
  -2.690883942163008    
  -2.566435088637399    
  -2.441885118981635    
  -2.317238940396003    
  -2.192501463871323    
  -2.067677603995528    
  -1.942772278760009    
  -1.817790409365829    
  -1.692736920029887    
  -1.567616737790841    
  -1.442434792314995    
  -1.317196015702123    
  -1.191905342291117    
  -1.066567708465532    
 -0.9411880524591886    
 -0.8157713141615199    
 -0.6903224349230098    
 -0.5648463573604601    
 -0.4393480251622743    
 -0.3138323828936799    
 -0.1883043758018828    
 -0.6276894962132738E-01
  0.6276894962130784E-01
  0.1883043758018749    
  0.3138323828936532    
  0.4393480251622525    
  0.5648463573604513    
  0.6903224349230080    
  0.8157713141615133    
  0.9411880524591787    
   1.066567708465513    
   1.191905342291095    
   1.317196015702113    
   1.442434792314985    
   1.567616737790823    
   1.692736920029876    
   1.817790409365824    
   1.942772278759990    
   2.067677603995515    
   2.192501463871310    
   2.317238940396002    
   2.441885118981635    
   2.566435088637398    
   2.690883942163012    
   2.815226776342121    
   2.939458692135516    
   3.063574794874062    
   3.187570194451613    
   3.311440005517678    
   3.435179347669850    
   3.558783345646143    
   3.682247129517093    
   3.805565834877502    
   3.928734603038284    
   4.051748581217741    
   4.174602922732830    
   4.297292787190112    
   4.419813340676439    
   4.542159755949427    
   4.664327212627652    
   4.786310897380525    
   4.908106004118046    
   5.029707734179983    
   5.151111296525111    
   5.272311907919897    
   5.393304793126941    
   5.514085185093132    
   5.634648325137510    
   5.754989463138703    
   5.875103857722104    
   5.994986776446667    
   6.114633495991370    
   6.234039302341277    
   6.353199490973363    
   6.472109367041764    
   6.590764245562796    
   6.709159451599538    
   6.827290320446040    
   6.945152197811058    
   7.062740440001494    
   7.180050414105345    
   7.297077498174139    
   7.413817081405191    
   7.530264564323172    
   7.646415358961329    
   7.762264889042266    
   7.877808590158262    
   7.993041909951073    
   8.107960308291331    
   8.222559257457355    
   8.336834242313628    
   8.450780760488627    
   8.564394322552248    
   8.677670452192665    
   8.790604686392719    
   8.903192575605708    
   9.015429683930789    
   9.127311589287634    
   9.238833883590758    
   9.349992172923114    
   9.460782077709293    
   9.571199232888009    
   9.681239288084130    
   9.790897907780019    
   9.900170771486406    
   10.00905357391261    
   10.11754202513612    
   10.22563185077166    
   10.33331879213960    
   10.44059860643370    
   10.54746706688831    
   10.65391996294491    
   10.75995310041798    
   10.86556230166026    
   10.97074340572731    
   11.07549226854153    
   11.17980476305538    
   11.28367677941396    
   11.38710422511700    
   11.49008302518009    
   11.59260912229511    
   11.69467847699030    
   11.79628706778924    
   11.89743089136938    
   11.99810596271973    
   12.09830831529788    
   12.19803400118629    
   12.29727909124779    
   12.39603967528047    
   12.49431186217166    
   12.59209178005128    
   12.68937557644439    
   12.78615941842292    
   12.88243949275678    
   12.97821200606401    
   13.07347318496032    
   13.16821927620765    
   13.26244654686217    
   13.35615128442126    
   13.44932979696981    
   13.54197841332574    
   13.63409348318454    
   13.72567137726313    
   13.81670848744291    
   13.90720122691179    
   13.99714603030569    
   14.08653935384884    
   14.17537767549348    
   14.26365749505860    
   14.35137533436795    
   14.43852773738688    
   14.52511127035870    
   14.61112252193985    
   14.69655810333436    
   14.78141464842734    
   14.86568881391759    
   14.94937727944940    
   15.03247674774325    
   15.11498394472587    
   15.19689561965905    
   15.27820854526791    
   15.35891951786791    
   15.43902535749115    
   15.51852290801165    
   15.59740903726967    
   15.67568063719509    
   15.75333462392998    
   15.83036793795000    
   15.90677754418496    
   15.98256043213844    
   16.05771361600635    
   16.13223413479459    
   16.20611905243575    
   16.27936545790473    
   16.35197046533348    
   16.42393121412464    
   16.49524486906432    
   16.56590862043376    
   16.63591968412005    
   16.70527530172581    
   16.77397274067787    
   16.84200929433496    
   16.90938228209428    
   16.97608904949723    
   17.04212696833382    
   17.10749343674648    
   17.17218587933228    
   17.23620174724458    
   17.29953851829343    
   17.36219369704490    
   17.42416481491945    
   17.48544943028914    
   17.54604512857383    
   17.60594952233638    
   17.66516025137663    
   17.72367498282447    
   17.78149141123167    
   17.83860725866277    
   17.89502027478484    
   17.95072823695607    
   18.00572895031343    
   18.06002024785909    
   18.11359999054581    
   18.16646606736120    
   18.21861639541098    
   18.27004892000088    
   18.32076161471780    
   18.37075248150944    
   18.42001955076320    
   18.46856088138368    
   18.51637456086916    
   18.56345870538700    
   18.60981145984785    
   18.65543099797870    
   18.70031552239486    
   18.74446326467081    
   18.78787248540983    
   18.83054147431250    
   18.87246855024420    
   18.91365206130122    
   18.95409038487595    
   18.99378192772070    
   19.03272512601058    
   19.07091844540506    
   19.10836038110841    
   19.14504945792903    
   19.18098423033754    
   19.21616328252375    
   19.25058522845244    
   19.28424871191798    
   19.31715240659771    
   19.34929501610431    
   19.38067527403675    
   19.41129194403027    
   19.44114381980509    
   19.47022972521390    
   19.49854851428822    
   19.52609907128359    
   19.55288031072346    
   19.57889117744207    
   19.60413064662592    
   19.62859772385422    
   19.65229144513808    
   19.67521087695846    
   19.69735511630305    
   19.71872329070178    
   19.73931455826128    
   19.75912810769811    
   19.77816315837068    
   19.79641896031019    
   19.81389479425017    
   19.83058997165500    
   19.84650383474716    
   19.86163575653340    
   19.87598514082970    
   19.88955142228527    
   19.90233406640544    
   19.91433256957365    
   19.92554645907284    
   19.93597529310627    
   19.94561866081872    
   19.95447618231892    
   19.96254750870527    
   19.96983232209972    
   19.97633033569896    
   19.98204129386712    
   19.98696497233173    
   19.99110117867091    
   19.99444975375890    
   19.99701057718402    
   19.99878359629075    
   19.99976913504427    
